((("event" .
   [1 0 0 0 0])
  ("stderr" .
   [1 0 0 0 0 0])
  ("fprintf" .
   [1 0 0 0 0 0 0])
  ("start" .
   [1 0 0 0 0])
  ("sym" .
   [1 0 0])
  ("al" .
   [5 0])
  ("pos" .
   [1 0 0])
  ("125" .
   [2 0 0])
  ("scale" .
   [6 0 0 0 0])
  ("57600" .
   [1 0 0 0 0])
  ("5179" .
   [1 0 0 0])
  ("60" .
   [1 0])
  ("diff" .
   [1 0 0 0])
  ("p" .
   [2])
  ("8" .
   [1])
  ("11" .
   [1 0])
  ("2187" .
   [1 0 0 0])
  ("6561" .
   [1 0 0 0])
  ("4104" .
   [1 0 0 0])
  ("32" .
   [1 0])
  ("40" .
   [2 0])
  ("m_dim" .
   [1 0 0 0 0])
  ("yn" .
   [2 0])
  ("1e" .
   [1 0])
  ("t" .
   [1])
  ("sqrt" .
   [4 0 0 0])
  ("step" .
   [3 0 0 0])
  ("share" .
   [1 0 0 0 0])
  ("endl" .
   [9 0 0 0])
  ("e" .
   [1])
  ("cout" .
   [8 0 0 0])
  ("dump_vec" .
   [4 0 0 0 0 0 0 0])
  ("memcpy" .
   [1 0 0 0 0 0])
  ("padding" .
   [0 0 0 0 0 1 0])
  ("esp2" .
   [6 0 0 0])
  ("esphdr2" .
   [2 0 0 0 0 0 0])
  ("data" .
   [2 0 0 0])
  ("key" .
   [2 0 0])
  ("ecb_crypt" .
   [0 0 0 0 0 0 1 0 0])
  ("esphdr" .
   [0 0 0 0 1 1])
  ("esp" .
   [9 0 0])
  ("decrypted" .
   [1 0 0 0 0 0 0 0 2])
  ("break" .
   [1 0 0 0 0])
  ("htons" .
   [1 0 0 0 0])
  ("16" .
   [3 0])
  ("sleep" .
   [2 0 0 0 0])
  ("4096" .
   [4 0 0 0])
  ("scanner" .
   [1 0 0 0 0 0 0])
  ("bufsize" .
   [1 0 0 0 0 0 0])
  ("1" .
   [2])
  ("buf" .
   [1 0 0])
  ("setsockopt" .
   [2 0 0 0 0 0 0 0 0 0])
  ("pthread_mutex_unlock" .
   [0 0 0 0 0 0 0 0 0 0 0 0 0 0 0 0 0 1 0 0])
  ("65535" .
   [2 0 0 0 0])
  ("ports" .
   [1 0 0 0 0])
  ("h" .
   [1])
  ("pthread_mutex_lock" .
   [2 0 0 0 0 0 0 0 0 0 0 0 0 0 0 0 0 0])
  ("pthread_mutex_t" .
   [0 0 0 0 0 0 0 0 0 0 0 0 0 0 1])
  ("2" .
   [1])
  ("port_count" .
   [10 0 0 0 0 0 0 0 0 0])
  ("do" .
   [1 0])
  ("w" .
   [1])
  ("IPPROTO_" .
   [0 0 0 0 0 0 0 1])
  ("512" .
   [2 0 0])
  ("scanned_ports" .
   [4 0 0 0 0 0 0 0 0 3 0 0 0])
  ("ports_lock" .
   [4 0 0 0 0 0 0 0 2 0])
  ("port_checker" .
   [0 0 0 0 0 0 0 0 0 0 0 1])
  ("checker" .
   [2 0 0 0 0 0 0])
  ("addr" .
   [5 0 0 0])
  ("arg" .
   [2 0 0])
  ("a" .
   [2])
  ("checksum_comp" .
   [1 0 0 0 0 0 0 0 0 0 0 0 0])
  ("const" .
   [1 0 0 0 0])
  ("ntohs" .
   [9 0 0 0 0])
  ("rst" .
   [1 0 0])
  ("port" .
   [6 0 0 0])
  ("seq" .
   [1 0 0])
  ("ack" .
   [4 0 0])
  ("syn" .
   [7 0 0])
  ("tcphdr" .
   [0 0 0 0 1 1])
  ("checksum" .
   [0 0 0 0 0 1 1 0])
  ("IPPROTO_TCP" .
   [0 0 0 0 0 0 0 0 1 0 0])
  ("proto" .
   [1 0 0 0 0])
  ("reserved" .
   [1 0 0 0 0 0 0 0])
  ("phdr" .
   [4 0 1 0])
  ("tcp" .
   [20 0 0])
  ("packet" .
   [7 0 0 0 0 0])
  ("pseudo_hdr" .
   [1 0 0 1 0 0 0 0 0 1])
  ("len" .
   [2 0 0])
  ("uint16_t" .
   [1 0 0 0 0 0 0 0])
  ("protocol" .
   [2 0 0 0 0 0 0 0])
  ("uint8_t" .
   [3 0 0 0 0 0 0])
  ("dst" .
   [7 0 0])
  ("uint32_t" .
   [4 0 0 0 0 0 0 0])
  ("NULL" .
   [5 0 0 0])
  ("inet_addr" .
   [2 0 0 0 0 0 0 0 0])
  ("AF_INET" .
   [2 0 0 0 0 0 0])
  ("256" .
   [4 0 0])
  ("RTA_DATA" .
   [2 0 0 0 0 0 0 0])
  ("i" .
   [3])
  ("rta" .
   [1 0 0])
  ("rta_type" .
   [2 0 0 0 0 0 0 0])
  ("sizeof" .
   [11 0 0 0 0 0])
  ("NLMSG_LENGTH" .
   [0 0 0 0 0 0 0 0 0 1 0 0])
  ("NLMSG_DATA" .
   [1 0 0 0 0 0 0 0 0 0])
  ("rtmsg" .
   [2 0 0 0 0])
  ("n" .
   [2])
  ("else" .
   [8 0 0 0])
  ("s" .
   [12])
  ("memset" .
   [2 0 0 0 0 0])
  ("NLM_F_ACK" .
   [1 0 0 0 0 0 0 0 1])
  ("address" .
   [4 0 0 0 0 0 0])
  ("get_src_addr" .
   [0 0 0 0 0 0 0 1 0 0 0 0])
  ("source" .
   [24 0 0 1 0 0])
  ("ip" .
   [14 0])
  ("src" .
   [15 0 0])
  ("nlmsg_type" .
   [2 0 0 0 0 0 0 0 0 0])
  ("close" .
   [1 0 0 0 0])
  ("printf" .
   [21 0 0 0 0 0])
  ("RTA_SRC" .
   [2 0 0 0 0 0 0])
  ("nlmsg" .
   [2 0 0 0 0])
  ("size" .
   [18 0 0 0])
  ("rheader" .
   [11 0 0 0 0 0 0])
  ("nlmsghdr" .
   [3 0 0 0 0 0 0 1])
  ("read" .
   [3 0 0 0])
  ("1024" .
   [5 0 0 0])
  ("reply" .
   [5 0 0 0 0])
  ("write" .
   [1 0 0 0 0])
  ("exit" .
   [9 0 0 0])
  ("return" .
   [6 0 0 0 0 0])
  ("perror" .
   [7 0 0 0 0 0])
  ("NETLINK_ROUTE" .
   [0 0 0 0 0 0 0 0 1 0 0 0 0])
  ("SOCK_RAW" .
   [1 0 0 0 0 1 0 0])
  ("socket" .
   [2 0 0 0 0 0])
  ("nlmsg_len" .
   [3 0 0 0 0 0 0 0 0])
  ("NLMSG_ALIGN" .
   [1 0 0 0 0 0 0 0 0 0 0])
  ("req" .
   [5 0 0])
  ("r" .
   [7])
  ("char" .
   [5 0 0 0])
  ("c" .
   [7])
  ("attr" .
   [12 0 0 0])
  ("d" .
   [2])
  ("dest" .
   [8 0 0 0])
  ("rtattr" .
   [2 0 0 0 0 1])
  ("rtnetlink" .
   [1 0 0 0 0 0 0 0 0])
  ("netlink" .
   [8 0 0 0 0 0 0])
  ("linux" .
   [2 0 0 0 0])
  ("delete" .
   [1 0 0 0 0 0])
  ("container" .
   [1 0 0 0 0 0 0 0 0])
  ("integrator" .
   [1 0 0 0 0 0 0 0 0 0])
  ("GslIntegrator" .
   [0 0 0 0 0 1 0 0 0 0 0 0 0])
  ("integrate" .
   [1 0 0 0 0 0 0 0 0])
  ("Integrator" .
   [4 0 0 0 0 0 0 0 0 0])
  ("argv" .
   [2 0 0 0])
  ("nobodies" .
   [4 0 0 0 0 0 0 0])
  ("limit" .
   [1 0 0 0 0])
  ("count" .
   [4 0 0 0 0])
  ("new" .
   [3 0 0])
  ("Array" .
   [3 0 0 0 0])
  ("m_bodies" .
   [2 0 1 0 0 0 0 0])
  ("add" .
   [2 0 0])
  ("vector" .
   [2 0 0 0 0 0])
  ("std" .
   [17 0 0])
  ("private" .
   [1 0 0 0 0 0 0])
  ("Container" .
   [1 0 0 0 0 0 0 0 0])
  ("class" .
   [4 0 0 0 0])
  ("world" .
   [2 0 0 0 0])
  ("World" .
   [2 0 0 0 0])
  ("MPI_COMM_WORLD" .
   [0 0 0 0 0 0 0 0 0 0 0 1 0 0])
  ("rank" .
   [7 0 0 0])
  ("itg" .
   [1 0 0])
  ("hpp" .
   [4 0 0])
  ("double" .
   [4 0 0 0 0 0])
  ("unsigned" .
   [4 0 0 0 0 0 0 0])
  ("public" .
   [5 0 0 0 0 0])
  ("Body" .
   [6 0 0 0])
  ("struct" .
   [18 0 0 0 1 0])
  ("endif" .
   [1 0 0 0 0])
  ("SOLAR_BODY_HPP" .
   [0 0 0 0 0 0 1 0 1 0 0 0 0 0])
  ("define" .
   [1 0 0 0 0 0])
  ("ifndef" .
   [1 0 0 0 0 0])
  ("include" .
   [10 0 0 0 0 0 0])
  ("DIE" .
   [1 0 0])
  ("sock" .
   [8 0 0 0])
  ("if" .
   [19 0])
  ("ipsec_socket" .
   [1 0 0 0 0 0 0 0 0 0 0 0])
  ("ipsec" .
   [2 0 0 0 0])
  ("while" .
   [6 0 0 0 0])
  ("int" .
   [17 0 0])
  ("process" .
   [1 0 0 0 0 0 0])
  ("void" .
   [9 0 0 0])
  ("tunnel" .
   [4 0 0 0 0 0])
  ("tunnet" .
   [1 0 0 0 0 0])
  ("linum-mode" .
   [1 0 0 0 0 0 0 0 0 0])
  ("color-theme-solarized-light" .
   [1 0 0 0 0 0 0 0 0 0 0 0 0 0 0 0 0 0 0 0 0 0 0 0 0 0 0])
  ("free" .
   [2 0 0 0])
  ("file" .
   [1 0 0 0])
  ("numbers" .
   [1 0 0 0 0 0 0])
  ("long" .
   [7 0 0 0])
  ("10" .
   [2 0])
  ("except" .
   [2 0 0 0 0 0])
  ("root" .
   [8 0 0 0])
  ("sys" .
   [1 0 0])
  ("not" .
   [1 0 0])
  ("url" .
   [9 0 0])
  ("follow" .
   [1 0 0 0 0 0])
  ("self" .
   [3 0 0 0])
  ("href" .
   [1 0 0 0])
  ("crawl" .
   [1 0 0 0 0])
  ("print" .
   [1 0 0 0 0])
  ("inc" .
   [1 0 0])
  ("BSTree" .
   [5 0 0 0 0 1])
  ("for" .
   [1 0 0])
  ("tree" .
   [8 0 0 0])
  ("insert" .
   [5 0 0 0 0 0])
  ("nullptr" .
   [3 0 0 0 0 0 0])
  ("Elem" .
   [6 0 0 0])
  ("template" .
   [1 0 0 0 0 0 0 0])
  ("NodeElem" .
   [1 0 0 0 0 0 0 0])
  ("load" .
   [1 0 0 0])
  ("color-theme-blackboard" .
   [1 0 0 0 0 0 0 0 0 0 0 0 0 0 0 0 0 0 0 0 0 0])))
